0 -0.14742
0.01 0.13406
0.07 0.55508
0.08 0.52729
0.13 0.7829
0.14 0.65614
0.17 0.95709
0.19 1.0057
0.22 1.2321
0.23 1.161
0.24 1.0835
0.27 1.288
0.28 1.488
0.3 1.426
0.31 1.2316
0.33 1.5686
0.37 1.6934
0.38 1.1498
0.4 1.3366
0.43 1.8087
0.49 2.0005
0.5 1.9752
0.51 2.1673
0.56 1.9185
0.57 2.1212
0.59 1.8515
0.6 2.0253
0.62 2.1051
0.65 1.8499
0.69 2.11
0.74 2.0903
0.75 2.2003
0.79 1.8201
0.8 2.2598
0.82 2.194
0.83 2.0559
0.85 2.0782
0.88 2.0122
0.92 1.8321
0.93 2.0222
0.95 1.9511
0.97 1.8957
1.02 1.4666
1.03 2.085
1.04 1.697
1.05 1.5458
1.06 1.6891
1.08 1.8717
1.11 1.4119
1.13 1.7074
1.15 1.7048
1.16 1.5625
1.2 1.3669
1.21 1.4838
1.28 0.95926
1.29 1.0187
1.31 1.1769
1.33 0.97606
1.34 1.4055
1.38 1.0548
1.39 1.3116
1.4 0.98857
1.41 1.1261
1.45 0.96532
1.46 0.81741
1.47 1.1179
1.51 1.0804
1.53 0.83736
1.57 1.0248
1.58 0.9952
1.61 0.90879
1.66 1.1769
1.72 1.2036
1.74 0.86039
1.75 1.0557
1.77 1.1123
1.79 1.2716
1.84 1.1834
1.85 1.2765
1.86 1.0739
1.88 1.362
1.89 1.4025
1.9 1.6695
1.91 1.4153
1.93 1.5468
1.96 1.4336
1.98 1.3823
1.99 1.4159
2 1.7325
2.01 1.5659
2.04 1.6001
2.05 1.6264
2.08 2.0866
2.1 1.3621
2.11 1.9505
2.14 1.8985
2.15 1.7719
2.18 1.8338
2.21 2.2359
2.22 2.2774
2.23 1.9465
2.26 2.1603
2.33 1.9014
2.35 2.1446
2.36 1.6658
2.37 2.2595
2.42 2.197
2.48 2.2486
2.49 2.2523
2.51 2.2713
2.53 2.244
2.6 1.94
2.66 1.7927
2.67 1.8373
2.69 1.6352
2.73 1.7458
2.76 1.8814
2.8 1.8319
2.83 1.2817
2.85 1.5841
2.87 0.98607
2.9 1.0935
2.92 1.0716
3.13 -0.39141
3.16 -0.2734
3.17 -0.37964
3.18 -0.38061
3.2 -0.33708
3.21 -0.16318
3.26 -0.38075
3.27 -0.48659
3.3 -0.20991
3.38 -1.1021
3.39 -1.2031
3.43 -1.1817
3.48 -1.594
3.52 -1.7992
3.56 -1.6391
3.57 -1.7886
3.58 -2.1427
3.59 -1.871
3.62 -1.6866
3.64 -1.9401
3.68 -1.977
3.7 -2.1402
3.74 -1.6893
3.75 -2.0971
3.77 -2.486
3.85 -2.0704
3.88 -2.2328
3.89 -2.127
3.9 -2.0872
3.93 -2.1041
3.94 -2.0225
3.95 -2.1612
3.96 -1.7202
3.97 -1.8208
3.98 -1.8824
3.99 -2.1511
4.02 -1.9237
4.07 -1.6688
4.11 -2.0919
4.12 -1.6034
4.14 -1.5327
4.15 -1.8154
4.16 -1.9807
4.17 -1.5962
4.22 -1.6515
4.24 -1.5131
4.28 -1.6718
4.3 -1.7686
4.33 -1.3868
4.34 -1.4058
4.36 -1.2658
4.38 -1.5177
4.44 -1.2082
4.46 -1.2671
4.47 -1.2837
4.58 -0.79451
4.61 -1.2287
4.62 -1.215
4.65 -1.1265
4.66 -0.92848
4.68 -0.86974
4.69 -1.009
4.73 -1.0151
4.74 -0.87387
4.75 -1.2369
4.77 -1.1458
4.81 -0.79373
4.84 -0.98338
4.86 -0.9563
4.89 -1.2609
4.9 -0.91403
4.92 -1.1407
4.93 -1.1077
4.95 -1.1169
4.96 -1.2069
4.97 -1.2875
4.99 -1.4517
