-0.999 0.673 7.4081
-0.997 -0.669 -0.92155
-0.995 0.831 12.547
-0.993 -0.865 -4.0325
-0.993 0.289 2.7191
-0.993 0.773 11.868
-0.99 0.727 9.7291
-0.984 -0.245 1.9466
-0.983 0.129 1.8092
-0.982 0.836 12.851
-0.981 0.964 17.264
-0.976 -0.715 -1.4094
-0.976 0.754 11.131
-0.974 0.48 4.5811
-0.973 0.05 1.9519
-0.971 0.134 2.1758
-0.97 0.933 17.707
-0.967 0.309 3.1981
-0.962 -0.796 -3.914
-0.961 -0.448 1.3582
-0.96 -0.768 -2.965
-0.957 0.014 2.3401
-0.953 0.52 5.3154
-0.952 0.265 2.6064
-0.95 0.017 2.2344
-0.95 0.259 2.7667
-0.95 0.802 12.764
-0.946 -0.788 -3.0823
-0.945 -0.909 -5.2632
-0.944 0.568 5.2615
-0.942 -0.541 0.68242
-0.94 -0.952 -8.6957
-0.936 -0.191 2.509
-0.934 0.151 2.2635
-0.925 -0.023 2.5062
-0.925 0.46 4.3155
-0.925 0.945 18.8
-0.925 0.964 20.14
-0.919 0.955 15.785
-0.918 0.178 2.3841
-0.918 0.375 3.4849
-0.915 0.67 8.932
-0.914 0.662 7.7887
-0.91 -0.041 2.1929
-0.91 0.703 8.6421
-0.908 -0.477 1.272
-0.908 -0.288 2.4685
-0.907 0.196 2.9952
-0.906 0.472 4.2919
-0.905 0.563 5.9908
-0.904 -0.207 2.3167
-0.904 0.761 8.9932
-0.902 0.296 3.0889
-0.901 -0.573 0.30618
-0.901 -0.451 1.5536
-0.899 -0.279 2.335
-0.896 -0.869 -5.2467
-0.893 -0.105 2.4821
-0.893 0.532 5.7648
-0.891 0.656 8.5565
-0.89 -0.248 2.4207
-0.89 -0.209 2.0762
-0.888 -0.288 2.1568
-0.888 0.921 15.435
-0.887 -0.836 -3.8976
-0.887 0.23 2.768
-0.884 -0.671 -1.232
-0.881 -0.17 2.6685
-0.878 -0.653 -0.2494
-0.878 0.992 19.809
-0.875 -0.548 0.65507
-0.874 -0.742 -2.3519
-0.873 -0.622 -0.49933
-0.872 -0.207 2.4469
-0.872 -0.181 2.4345
-0.864 -0.707 -1.6255
-0.864 -0.094 2.1987
-0.863 0.133 2.7039
-0.856 0.453 4.129
-0.855 -0.404 1.853
-0.855 -0.369 1.9302
-0.853 -0.229 2.1343
-0.848 -0.104 2.4577
-0.848 0.654 7.4129
-0.846 0.995 19.506
-0.832 -1 -9.1762
-0.826 0.72 8.6401
-0.821 -0.173 2.2516
-0.821 0.346 3.4697
-0.82 0.625 6.4531
-0.819 -0.349 1.9343
-0.813 0.151 2.3791
-0.809 -0.242 2.5881
-0.808 -0.17 2.5276
-0.807 -0.674 -0.73126
-0.805 0.298 3.4742
-0.804 -0.026 2.6078
-0.804 0.229 3.0491
-0.796 -0.052 2.4049
-0.795 0.157 3.2002
-0.793 -0.12 2.5296
-0.788 -0.648 -0.81648
-0.786 -0.137 2.5556
-0.786 0.473 4.0898
-0.785 -0.474 1.5108
-0.785 0.86 12.911
-0.779 0.88 12.986
-0.775 -0.825 -4.271
-0.774 -0.63 -0.22223
-0.772 -0.917 -7.6871
-0.771 0.819 11.259
-0.769 -0.638 -0.3903
-0.767 0.036 2.9521
-0.766 0.603 6.3565
-0.765 -0.112 2.7265
-0.761 -0.167 2.2041
-0.76 -0.869 -5.533
-0.746 -0.751 -2.4414
-0.742 0.923 18.733
-0.74 -0.267 2.1213
-0.739 -0.954 -6.9842
-0.733 -0.271 2.3711
-0.731 -0.035 2.4963
-0.728 0.455 4.8077
-0.726 0.422 4.1843
-0.725 -0.477 1.3671
-0.72 0.268 2.8398
-0.72 0.612 6.5402
-0.719 -0.542 0.96915
-0.719 -0.056 2.627
-0.718 0.544 6.7207
-0.717 0.136 2.7906
-0.714 -0.115 2.2233
-0.712 -0.794 -3.9604
-0.712 0.904 16.946
-0.711 0.645 7.6902
-0.709 -0.412 1.9063
-0.709 -0.007 2.4489
-0.703 -0.974 -10.122
-0.703 -0.806 -4.34
-0.703 -0.033 2.3207
-0.702 0.4 4.0739
-0.7 -0.574 0.50096
-0.7 -0.523 0.87683
-0.7 0.238 2.9226
-0.696 0.439 4.4061
-0.693 -0.49 1.1552
-0.691 0.179 2.548
-0.69 -0.141 2.4741
-0.682 0.749 10.81
-0.673 -0.85 -4.0933
-0.672 -0.906 -7.0484
-0.669 -0.749 -3.2961
-0.669 0.446 4.5036
-0.666 0.586 5.8889
-0.664 0.155 2.724
-0.661 0.029 2.3339
-0.659 -0.94 -6.3074
-0.659 0.337 3.2297
-0.656 0.591 5.9455
-0.654 0.127 2.3532
-0.652 0.873 14.172
-0.649 0.616 6.9368
-0.648 0.754 10.138
-0.644 0.603 6.6404
-0.642 0.458 4.5624
-0.639 -0.597 -0.055508
-0.633 0.315 3.023
-0.628 -0.445 1.4743
-0.628 -0.253 2.2177
-0.628 0.594 4.9796
-0.627 0.035 2.7764
-0.625 -0.933 -8.0698
-0.623 -0.6 -0.25377
-0.623 0.736 9.0628
-0.62 0.045 2.54
-0.619 -0.306 2.174
-0.61 -0.009 2.346
-0.603 -0.815 -4.789
-0.599 -0.624 -0.54321
-0.596 -0.073 2.2664
-0.595 -0.654 -1.2175
-0.594 -0.388 1.5442
-0.591 -0.16 2.6484
-0.583 0.286 2.7666
-0.577 0.86 11.717
-0.574 0.187 2.203
-0.574 0.66 8.1642
-0.573 0.899 15.374
-0.572 -0.701 -1.8887
-0.572 0.313 2.8668
-0.571 0.077 2.3395
-0.57 0.304 2.9547
-0.569 -0.976 -8.8648
-0.567 -0.881 -6.966
-0.566 0.056 2.4942
-0.563 -0.049 2.2772
-0.563 0.238 2.3004
-0.558 0.739 11.343
-0.557 -0.209 2.1155
-0.557 0.038 2.0672
-0.555 0.396 3.3435
-0.555 0.82 10.52
-0.552 -0.28 2.5644
-0.552 0.936 15.009
-0.551 0.83 11.772
-0.55 -0.574 0.13137
-0.55 -0.206 2.2158
-0.549 -0.479 0.98748
-0.546 -0.851 -5.6936
-0.543 -0.539 0.43113
-0.54 -0.013 1.9718
-0.537 0.559 5.9889
-0.537 0.595 5.5761
-0.535 -0.764 -3.4945
-0.532 -0.591 -0.36013
-0.53 -0.598 -0.4504
-0.53 0.619 7.1876
-0.529 0.91 15.393
-0.526 -0.341 1.4977
-0.524 -0.4 1.4396
-0.524 0.089 2.4746
-0.523 -0.518 0.45258
-0.52 0.921 14.666
-0.513 -0.937 -7.7931
-0.512 0.964 18.711
-0.51 -0.228 2.1383
-0.509 0.161 2.3336
-0.508 0.15 2.2246
-0.507 -0.074 2.4447
-0.504 -0.957 -7.9319
-0.504 -0.276 2.2706
-0.504 0.079 2.3665
-0.503 -0.916 -6.6625
-0.498 -0.37 1.4996
-0.497 0.146 1.7879
-0.497 0.717 7.2114
-0.496 0.377 3.2615
-0.494 -0.216 2.2243
-0.491 -0.975 -10.762
-0.49 -0.578 -0.29318
-0.487 0.528 4.6031
-0.485 0.139 2.4836
-0.482 0.19 2.4413
-0.482 0.827 11.95
-0.48 0.502 4.1996
-0.479 0.091 1.968
-0.476 0.883 12.22
-0.472 -0.809 -5.362
-0.469 -0.127 2.1479
-0.468 -0.913 -7.9577
-0.468 0.598 5.3975
-0.464 -0.148 2.0427
-0.463 -0.719 -3.2292
-0.462 0.139 2.203
-0.457 0.647 6.7193
-0.456 -0.667 -1.9451
-0.455 -0.065 2.1822
-0.452 0.333 2.8226
-0.451 0.104 2.0114
-0.45 -0.97 -11.661
-0.45 0.087 1.7831
-0.449 0.3 2.66
-0.447 -0.578 -0.4079
-0.439 -0.397 1.2636
-0.439 0.317 2.4694
-0.438 -0.97 -10.706
-0.433 -0.186 1.8752
-0.432 -0.502 0.47675
-0.431 0.488 4.2374
-0.427 -0.415 1.0578
-0.427 0.47 3.9298
-0.426 -0.543 -0.038405
-0.426 -0.1 1.9355
-0.426 0.861 9.6613
-0.423 0.876 10.909
-0.422 -0.506 0.18099
-0.422 0.723 8.3002
-0.421 -0.322 1.4313
-0.421 0.355 2.7428
-0.42 -0.437 0.77391
-0.418 0.477 4.0699
-0.411 -0.225 1.8929
-0.411 0.387 3.1531
-0.408 0.245 1.7574
-0.406 -0.967 -10.501
-0.406 -0.063 1.7383
-0.405 -0.425 0.98942
-0.404 0.206 2.3121
-0.402 0.447 3.5163
-0.395 0.18 2.092
-0.392 -0.493 0.31466
-0.392 -0.059 1.962
-0.39 -0.479 0.49189
-0.388 -0.878 -7.9665
-0.388 -0.257 1.166
-0.386 -0.403 0.92089
-0.386 0.343 2.8284
-0.381 -0.978 -10.658
-0.381 0.889 13.504
-0.38 0.605 5.5001
-0.379 0.548 4.398
-0.378 0.423 3.3528
-0.377 -0.992 -13.637
-0.376 0.066 1.8373
-0.375 -0.854 -7.4655
-0.372 -0.672 -2.3874
-0.371 -0.77 -4.1692
-0.371 -0.106 1.68
-0.366 0.749 9.3191
-0.365 0.177 1.8003
-0.364 0.395 3.9142
-0.363 -0.817 -6.9114
-0.36 -0.357 1.2483
-0.359 -0.297 1.4073
-0.359 0.397 2.6672
-0.358 0.354 3.0731
-0.356 -0.757 -4.8012
-0.35 0.675 7.1973
-0.346 -0.426 0.68376
-0.345 0.148 2.1258
-0.345 0.871 14.934
-0.343 0.295 2.1281
-0.342 -0.71 -2.6119
-0.339 -0.558 -0.67886
-0.336 -0.781 -5.3333
-0.335 -0.567 -0.61461
-0.333 -0.163 1.6376
-0.332 -0.411 0.80956
-0.332 0.189 1.6078
-0.332 0.66 7.1372
-0.329 -0.711 -2.9904
-0.326 -0.235 1.5911
-0.324 0.422 2.5948
-0.322 0.254 1.9773
-0.321 0.462 3.3576
-0.319 0.231 1.8928
-0.317 -0.998 -12.854
-0.315 0.965 15.77
-0.313 -0.284 1.5659
-0.309 -0.734 -4.3994
-0.309 -0.721 -3.8922
-0.305 -0.91 -10.534
-0.303 -0.349 1.1869
-0.3 0.02 1.3547
-0.296 0.305 2.0384
-0.295 0.971 17.341
-0.293 -0.934 -9.7368
-0.292 -0.823 -5.7921
-0.292 -0.674 -2.4006
-0.29 -0.385 0.84667
-0.29 -0.331 1.0245
-0.29 0.091 1.87
-0.288 -0.143 1.3476
-0.287 0.473 2.6829
-0.286 -0.659 -2.571
-0.285 0.248 1.7559
-0.282 -0.885 -8.2021
-0.282 0.3 2.0728
-0.28 -0.388 0.79149
-0.279 0.445 2.9078
-0.278 0.401 2.6421
-0.276 0.651 5.5472
-0.274 0.907 13.279
-0.271 -0.455 0.24125
-0.268 -0.607 -1.3903
-0.267 -0.442 0.35678
-0.265 0.289 1.8615
-0.264 -0.673 -3.1302
-0.264 0.274 2.1003
-0.262 0.111 1.6458
-0.256 -0.985 -8.8921
-0.255 -0.261 1.5875
-0.251 0.404 2.4461
-0.251 0.576 4.0647
-0.251 0.656 5.0205
-0.246 0.121 1.3766
-0.243 0.758 9.7782
-0.239 -0.994 -11.766
-0.238 -0.846 -6.9566
-0.227 -0.581 -1.3889
-0.226 -0.216 1.2292
-0.226 0.742 8.1452
-0.225 0.566 4.4038
-0.225 0.767 8.3535
-0.215 0.857 9.9446
-0.212 -0.233 1.392
-0.21 0.223 0.95625
-0.21 0.698 8.2624
-0.207 -0.599 -1.8127
-0.206 -0.955 -11.61
-0.204 -0.023 1.3051
-0.202 -0.571 -1.1283
-0.201 0.004 1.4022
-0.199 0.4 2.2784
-0.196 -0.042 1.3304
-0.195 0.477 2.4957
-0.193 -0.567 -1.195
-0.189 -0.405 0.39085
-0.186 0.918 15.521
-0.184 -0.7 -3.4638
-0.184 -0.15 1.3303
-0.183 0.457 2.8405
-0.179 -0.467 -0.044997
-0.179 0.319 2.0824
-0.176 -0.516 -0.65312
-0.175 0.425 2.5661
-0.175 0.87 11.631
-0.174 0.807 12.122
-0.173 -0.966 -11.592
-0.17 -0.291 0.91213
-0.167 0.335 1.8436
-0.167 0.911 13.663
-0.165 0.939 13.586
-0.164 -0.928 -10.122
-0.161 -0.186 1.2924
-0.158 -0.52 -0.77372
-0.158 0.401 2.0974
-0.152 0.159 1.3685
-0.15 -0.132 1.0338
-0.149 -0.059 1.516
-0.148 0.311 1.3938
-0.146 0.141 1.3446
-0.145 0.034 1.2891
-0.144 0.214 1.2254
-0.143 -0.936 -9.916
-0.137 -0.24 0.84321
-0.135 -0.535 -0.95843
-0.133 -0.08 1.375
-0.132 0.472 2.861
-0.128 -0.605 -2.0949
-0.12 -0.001 1.2225
-0.119 -0.189 1.1328
-0.118 0.23 1.4079
-0.117 0.53 3.4027
-0.112 -0.912 -8.6609
-0.108 -0.592 -1.8642
-0.101 -0.14 0.9012
-0.101 0.209 1.1608
-0.1 0.111 1.1025
-0.097 -0.835 -7.672
-0.095 -0.14 1.3617
-0.095 0.527 3.185
-0.094 0.513 3.6082
-0.092 -0.142 1.0655
-0.085 -0.845 -6.4399
-0.084 -0.044 1.1434
-0.083 0.543 3.4797
-0.083 0.812 9.946
-0.081 -0.011 1.0708
-0.081 0.372 2.1411
-0.079 -0.956 -12.339
-0.077 -0.552 -1.3636
-0.077 -0.122 1.0037
-0.076 -0.492 -0.74592
-0.074 -0.498 -0.61248
-0.074 0.026 0.92662
-0.072 -0.094 1.175
-0.07 0.719 7.7049
-0.069 -0.578 -1.715
-0.066 0.986 13.358
-0.063 0.533 2.985
-0.061 -0.328 0.59059
-0.058 -0.001 1.0366
-0.055 0.892 10.109
-0.053 0.256 1.301
-0.048 -0.116 0.81698
-0.047 0.214 1.4477
-0.045 -0.495 -0.82029
-0.044 0.338 1.0904
-0.043 -0.244 1.2426
-0.041 0.696 6.8039
-0.04 -0.548 -1.328
-0.039 -0.774 -6.255
-0.033 -0.481 -0.61323
-0.033 0.784 7.2651
-0.029 0.519 3.5337
-0.028 0.028 0.97978
-0.028 0.255 1.355
-0.027 -0.99 -15.209
-0.026 -0.892 -10.658
-0.023 0.009 0.86955
-0.022 0.009 1.0341
-0.021 0.337 2.1075
-0.014 0.387 1.8708
-0.013 -0.082 0.93894
-0.012 0.538 3.2815
-0.008 -0.812 -6.6161
-0.006 -0.956 -10.821
-0.006 0.973 15.299
-0.003 0.087 0.80462
-0.002 -0.826 -6.5896
-0.002 0.31 1.1886
-0.001 -0.697 -4.4114
-0.001 -0.154 1.0936
0 0.268 1.7518
0.002 -0.617 -2.503
0.003 -0.975 -14.148
0.009 0.937 12.116
0.01 0.206 1.0036
0.012 0.954 14.482
0.014 -0.871 -9.5375
0.016 0.239 1.4133
0.017 0.862 9.6659
0.018 0.956 14.432
0.019 -0.392 0.00535
0.019 0.658 3.8145
0.022 0.838 8.9851
0.025 0.921 11.786
0.035 -0.777 -5.447
0.037 -0.812 -7.6628
0.037 -0.192 0.86483
0.039 -0.614 -2.6871
0.051 0.385 1.2615
0.052 -0.035 1.0928
0.064 -0.159 0.77371
0.069 -0.688 -4.0163
0.071 -0.602 -2.4078
0.073 0.054 0.82036
0.074 0.864 10.717
0.075 0.427 1.5519
0.079 -0.38 0.10063
0.08 0.284 1.4748
0.081 -0.099 1.0459
0.082 -0.306 0.40528
0.083 0.39 1.5566
0.089 0.003 1.0698
0.093 -0.739 -5.6354
0.097 -0.937 -10.366
0.098 -0.026 0.98883
0.101 0.479 1.5845
0.101 0.894 12.017
0.102 0.14 0.84883
0.106 -0.01 1.1221
0.107 -0.765 -6.4266
0.109 -0.143 0.62122
0.109 0.606 4.6924
0.11 0.985 16.419
0.111 0.286 0.86913
0.111 0.881 10.3
0.113 0.816 8.9578
0.116 0.209 1.1212
0.118 -0.867 -8.8573
0.119 0.666 4.6438
0.12 0.689 5.5804
0.121 -0.003 1.2491
0.122 -0.126 0.94131
0.123 0.417 2.0605
0.123 0.674 5.4833
0.125 -0.493 -0.90504
0.128 -0.913 -11.176
0.128 -0.876 -7.241
0.131 0.601 3.9983
0.132 0.86 9.5923
0.133 0.989 14.243
0.134 -0.997 -12.009
0.135 -0.516 -1.1995
0.135 -0.111 0.94994
0.136 0.433 1.8857
0.139 -0.43 -0.36107
0.141 -0.804 -6.0886
0.141 0.233 1.6618
0.143 0.896 11.986
0.145 -0.618 -2.7856
0.145 0.325 1.3327
0.146 0.555 2.4988
0.15 -0.514 -1.0819
0.152 0.19 1.0276
0.153 0.15 1.2232
0.157 0.554 3.2754
0.158 0.063 0.97429
0.159 0.976 15.078
0.16 0.806 8.1844
0.17 -0.425 -0.48864
0.171 0.607 3.5534
0.172 -0.737 -5.5165
0.174 -0.006 1.2993
0.178 -0.773 -5.7497
0.18 0.565 3.875
0.18 0.639 5.166
0.182 -0.521 -1.3106
0.187 0.681 6.355
0.189 0.225 0.77033
0.191 0.812 8.9896
0.191 0.889 11.25
0.192 -0.338 0.15756
0.192 0.187 0.60664
0.193 0.468 2.6142
0.195 -0.784 -6.0751
0.198 0.308 1.4702
0.201 -0.794 -6.4821
0.202 -0.935 -13.067
0.202 -0.407 -0.033407
0.203 0.194 0.92217
0.206 -0.696 -4.091
0.207 -0.452 -0.57586
0.21 -0.567 -1.9356
0.21 -0.17 0.57414
0.212 0.722 5.383
0.215 -0.863 -8.8381
0.216 0.954 12.662
0.221 -0.899 -11.898
0.221 -0.651 -3.4877
0.222 0.048 0.9569
0.222 0.469 2.2127
0.227 0.157 0.77466
0.232 0.268 1.2228
0.232 0.586 4.0935
0.235 -0.686 -4.1844
0.237 0.619 3.4172
0.241 0.122 0.92637
0.241 0.232 1.138
0.244 0.419 2.0013
0.245 -0.092 1.0693
0.246 0.441 1.9163
0.248 -0.714 -4.4124
0.249 -0.991 -11.924
0.251 -0.581 -1.9418
0.251 0.97 16.618
0.252 -0.609 -2.7459
0.256 -0.347 0.43521
0.257 0.069 0.97716
0.261 -0.163 0.88365
0.261 0.067 1.1419
0.261 0.595 4.5811
0.265 0.869 8.221
0.268 -0.558 -1.7126
0.268 0.018 1.1426
0.273 -0.364 0.38182
0.273 0.712 4.0881
0.274 -0.644 -3.0493
0.274 -0.583 -2.321
0.274 -0.279 0.68427
0.281 -0.533 -1.3864
0.284 -0.366 0.0082616
0.286 0.674 5.4
0.288 0.449 2.0996
0.288 0.738 6.0505
0.29 -0.244 0.52946
0.29 0.696 5.9289
0.291 -0.75 -6.0113
0.291 -0.52 -1.3323
0.291 0.861 11.272
0.292 -0.268 0.55492
0.294 0.693 5.2576
0.296 -0.564 -1.7163
0.297 -0.656 -3.1232
0.297 0.558 4.3171
0.299 0.344 1.2216
0.299 0.551 2.5867
0.3 -0.919 -10.184
0.3 -0.882 -11.132
0.301 0.406 2.38
0.301 0.714 6.6601
0.303 -0.795 -6.1075
0.306 0.367 1.6163
0.306 0.788 9.5589
0.307 0.872 10.831
0.308 0.299 1.3926
0.309 -0.931 -10.443
0.313 0.323 1.3975
0.314 0.134 0.77517
0.317 -0.055 0.93289
0.317 0.247 1.2192
0.318 0.111 0.99311
0.318 0.315 1.6176
0.32 0.786 7.5313
0.323 -0.323 0.46332
0.324 0.242 1.5629
0.325 0.091 1.1884
0.326 -0.701 -4.7811
0.326 -0.082 1.1893
0.33 0.301 1.3435
0.332 0.34 1.6938
0.333 0.67 5.5432
0.338 0.506 3.097
0.341 -0.814 -7.9655
0.341 0.99 16.541
0.344 0.123 1.1208
0.346 -0.441 -0.21606
0.347 -0.641 -2.9495
0.353 0.474 2.3205
0.353 0.775 7.3706
0.357 0.024 1.4905
0.359 0.111 1.4441
0.36 -0.219 1.5041
0.36 -0.135 1.1671
0.36 0.562 4.1691
0.365 0.527 3.4549
0.367 -0.465 -0.38947
0.367 -0.079 1.2399
0.367 0.889 10.312
0.369 -0.629 -2.6958
0.373 -0.952 -11.738
0.373 -0.708 -5.1543
0.375 -0.376 0.2214
0.376 0.05 1.3682
0.378 -0.569 -1.906
0.378 -0.052 1.2701
0.378 0.917 11.747
0.38 -0.893 -10.691
0.38 -0.307 0.58014
0.381 -0.828 -7.3993
0.382 -0.315 0.91972
0.383 0.491 3.0623
0.384 0.92 13.233
0.386 0.152 1.3059
0.388 0.732 5.4283
0.389 0.644 3.6747
0.39 -0.769 -6.7272
0.393 0.222 1.3618
0.394 -0.914 -11.002
0.398 0.407 2.142
0.399 -0.091 1.1247
0.4 -0.997 -14.492
0.404 0.554 3.3586
0.406 -0.98 -12.441
0.406 -0.963 -13.559
0.41 -0.815 -8.5846
0.413 0.33 1.4925
0.414 -0.321 0.69125
0.418 0.929 10.44
0.42 -0.702 -4.4743
0.424 -0.114 1.4483
0.425 0.354 2.0136
0.425 0.629 5.0249
0.427 -0.406 0.1447
0.428 -0.573 -1.6853
0.434 -0.635 -2.8747
0.436 0.149 1.7257
0.437 0.83 7.4992
0.442 0.51 2.9619
0.443 -0.755 -5.6123
0.447 -0.125 1.5332
0.447 0.864 11.597
0.448 -0.816 -7.782
0.45 -0.403 0.27314
0.46 0.942 12.999
0.465 0.285 1.4592
0.466 -0.279 1.0566
0.469 -0.753 -5.7373
0.469 -0.109 1.4696
0.474 -0.469 -0.48689
0.476 0.698 7.2721
0.476 0.982 12.829
0.477 -0.908 -12.139
0.478 -0.763 -5.672
0.482 0.238 1.7288
0.482 0.393 2.7752
0.484 0.87 9.7952
0.486 -0.044 1.6437
0.49 -0.446 0.2466
0.491 0.056 1.8504
0.492 0.221 1.5135
0.495 0.516 2.8577
0.499 -0.192 1.378
0.499 0.94 12.053
0.5 0.858 13.867
0.506 0.464 3.5985
0.506 0.574 4.4352
0.508 0.616 4.4044
0.509 0.97 13.49
0.512 0.706 5.6752
0.513 0.096 1.778
0.513 0.936 13.296
0.514 0.258 1.383
0.518 -0.289 1.329
0.518 0.622 4.8633
0.519 0.829 8.1467
0.519 0.985 14.627
0.52 0.832 9.5791
0.523 -0.089 1.9779
0.526 -0.649 -2.6855
0.527 0.975 14.366
0.528 -0.098 1.4476
0.533 -0.967 -13.307
0.535 -0.542 -1.0595
0.537 0.919 12.25
0.539 -0.812 -7.1633
0.541 0.213 2.2252
0.543 0.402 2.5241
0.546 0.726 6.1657
0.548 -0.363 0.6424
0.551 0.072 1.9373
0.552 0.988 14.551
0.559 -0.557 -1.3524
0.559 0.506 3.632
0.561 -0.869 -9.4547
0.563 -0.248 1.6461
0.566 -0.981 -12.645
0.566 0.613 4.4157
0.566 0.844 8.7133
0.567 0.422 2.676
0.568 0.036 1.9624
0.568 0.901 12.975
0.578 0.997 14.316
0.58 -0.546 -1.1252
0.58 0.296 2.0222
0.581 -0.652 -2.8611
0.581 0.444 3.0081
0.583 0.038 1.5346
0.585 0.346 2.6379
0.588 -0.065 1.5673
0.59 0.312 2.1054
0.592 -0.643 -2.8117
0.593 -0.367 1.1695
0.593 -0.333 0.92533
0.594 -0.862 -9.4985
0.594 -0.698 -4.2118
0.596 -0.816 -6.7749
0.597 -0.971 -12.054
0.598 0.919 11.912
0.601 -0.345 1.0384
0.604 -0.876 -9.0996
0.606 -0.417 0.66185
0.606 -0.171 1.7797
0.607 -0.628 -2.2826
0.609 0.227 2.1827
0.61 -0.618 -2.0882
0.61 -0.449 0.37382
0.612 -0.108 2.4317
0.612 0.209 2.2335
0.613 0.235 1.8717
0.614 -0.083 2.0453
0.614 0.371 2.3879
0.614 0.399 2.3657
0.616 0.004 1.9476
0.619 -0.409 0.68317
0.62 0.265 2.859
0.62 0.97 11.627
0.625 0.757 7.7857
0.626 -0.618 -2.1317
0.627 -0.213 1.8017
0.629 0.011 2.358
0.63 -0.592 -1.4428
0.636 -0.474 0.11885
0.638 -0.227 1.8659
0.638 0.161 2.3466
0.639 -0.175 1.8246
0.64 -0.107 2.5183
0.64 0.501 4.0459
0.64 0.91 10.404
0.641 -0.899 -9.9627
0.643 -0.554 -0.8843
0.643 -0.347 1.0669
0.645 -0.772 -6.1011
0.646 -0.048 2.2958
0.672 -0.872 -9.0182
0.674 -0.105 2.3396
0.678 -0.356 1.5116
0.68 -0.664 -3.0931
0.686 -0.006 2.4392
0.687 -0.015 2.187
0.69 -0.179 2.5481
0.694 -0.781 -6.0532
0.696 0.503 4.3783
0.697 -0.785 -5.2429
0.698 -0.697 -2.978
0.699 -0.704 -3.8018
0.699 0.531 4.1445
0.703 0.138 2.6011
0.704 -0.683 -3.3849
0.712 0.073 2.3799
0.716 -0.423 1.0385
0.72 -0.089 2.2914
0.721 -0.485 0.42805
0.721 0.449 3.3267
0.722 -0.397 1.3217
0.723 -0.935 -11.169
0.724 -0.914 -9.8156
0.726 -0.422 0.91173
0.726 -0.135 2.3368
0.727 -0.165 2.6992
0.727 0.572 4.9126
0.728 -0.632 -2.1665
0.728 0.08 2.4064
0.735 0.419 3.7195
0.736 0.568 5.2194
0.74 -0.848 -8.2808
0.74 0.472 3.6591
0.741 -0.519 0.057954
0.743 -0.991 -11.92
0.746 0.261 3.1625
0.747 0.414 4.2176
0.747 0.444 4.1012
0.749 -0.46 0.75733
0.75 -0.993 -13.898
0.75 -0.048 2.7589
0.753 0.43 3.1488
0.759 0.196 2.7582
0.759 0.782 8.8348
0.762 -0.363 1.5592
0.762 -0.198 2.6076
0.771 -0.598 -1.2165
0.772 0.411 3.4866
0.773 0.152 2.7601
0.773 0.394 3.3748
0.774 -0.248 2.469
0.775 -0.227 2.7247
0.779 -0.008 3.0452
0.781 0.291 2.6364
0.781 0.531 4.5633
0.783 0.71 7.2514
0.783 0.802 8.0862
0.785 0.063 2.8479
0.788 -0.462 1.0567
0.79 0.926 11.816
0.792 0.748 7.1622
0.794 0.938 14.243
0.795 -0.932 -10.548
0.795 0.983 17.531
0.796 -0.844 -6.2779
0.797 -0.024 3.1836
0.798 0.341 3.2122
0.801 0.285 3.3516
0.803 -0.296 2.4472
0.806 -0.121 3.1882
0.807 -0.589 -1.0447
0.808 -0.445 1.1172
0.81 -0.42 1.3395
0.812 0.15 2.6604
0.815 0.764 7.7289
0.818 -0.881 -8.7889
0.819 -0.657 -2.0746
0.824 -0.937 -10.62
0.824 -0.342 1.9946
0.83 -0.302 2.5271
0.831 -0.434 1.3459
0.833 -0.677 -2.7815
0.834 -0.093 2.777
0.834 0.389 3.6336
0.835 -0.123 3.1107
0.838 -0.87 -8.2487
0.839 -0.783 -5.4209
0.839 -0.109 2.9276
0.845 0.253 3.5225
0.846 0.85 11.001
0.853 0.169 3.0386
0.855 -0.466 1.3257
0.855 -0.193 3.235
0.86 -0.208 2.9319
0.862 -0.482 1.089
0.863 0.336 3.715
0.865 -0.961 -13.588
0.866 0.873 10.726
0.867 -0.682 -2.8963
0.867 0.635 5.7818
0.867 0.769 8.1714
0.868 -0.93 -11.302
0.873 0.969 12.323
0.877 0.781 8.9084
0.878 -0.379 2.0568
0.879 -0.872 -8.9211
0.879 0.754 7.7444
0.88 -0.502 0.89884
0.883 -0.963 -12.108
0.889 0.265 3.3564
0.889 0.731 7.5236
0.892 0.549 5.1081
0.896 -0.057 3.2053
0.899 0.067 3.2864
0.901 -0.573 -0.34425
0.903 0.715 8.2169
0.914 0.377 3.9282
0.916 -0.799 -4.7864
0.918 -0.747 -3.8622
0.918 -0.246 3.2456
0.919 0.764 8.0279
0.922 0.276 3.5216
0.923 -0.205 3.3888
0.927 0.322 3.717
0.931 -0.778 -5.9737
0.934 -0.223 3.3578
0.935 0.02 3.6588
0.938 0.747 8.5503
0.939 -0.651 -1.7869
0.944 0.436 4.8735
0.945 -0.909 -10.979
0.945 -0.896 -9.0286
0.945 0.984 15.567
0.952 -0.098 3.5304
0.953 -0.156 3.9779
0.956 0.296 3.8162
0.957 -0.106 3.62
0.963 -0.04 3.5222
0.963 0.057 4.0737
0.964 0.925 13.71
0.966 0.531 4.8126
0.968 -0.754 -3.719
0.972 0.459 4.3951
0.976 0.553 6.2284
0.977 -0.782 -4.6373
0.977 0.681 7.5969
0.98 0.973 14.344
0.981 -0.811 -5.8714
0.988 -0.251 3.3433
0.988 0.938 15.514
0.991 -0.829 -7.1395
0.991 -0.222 3.5551
0.995 -0.868 -8.5474
